{
 "cells": [
  {
   "cell_type": "code",
   "execution_count": 1,
   "id": "2e25ef5f-8209-4141-b943-d8056d52d9b5",
   "metadata": {},
   "outputs": [],
   "source": [
    "import pandas as pd\n",
    "import numpy as np\n",
    "import matplotlib.pyplot as plt"
   ]
  },
  {
   "cell_type": "code",
   "execution_count": 2,
   "id": "fa746562-9859-42ef-b058-b6858a68c1ef",
   "metadata": {},
   "outputs": [
    {
     "data": {
      "text/html": [
       "<div>\n",
       "<style scoped>\n",
       "    .dataframe tbody tr th:only-of-type {\n",
       "        vertical-align: middle;\n",
       "    }\n",
       "\n",
       "    .dataframe tbody tr th {\n",
       "        vertical-align: top;\n",
       "    }\n",
       "\n",
       "    .dataframe thead th {\n",
       "        text-align: right;\n",
       "    }\n",
       "</style>\n",
       "<table border=\"1\" class=\"dataframe\">\n",
       "  <thead>\n",
       "    <tr style=\"text-align: right;\">\n",
       "      <th></th>\n",
       "      <th>구별</th>\n",
       "      <th>CCTV수</th>\n",
       "      <th>인구수</th>\n",
       "      <th>한국인</th>\n",
       "      <th>외국인</th>\n",
       "      <th>고령자</th>\n",
       "    </tr>\n",
       "  </thead>\n",
       "  <tbody>\n",
       "    <tr>\n",
       "      <th>0</th>\n",
       "      <td>강남구</td>\n",
       "      <td>2780</td>\n",
       "      <td>570500.0</td>\n",
       "      <td>565550.0</td>\n",
       "      <td>4950.0</td>\n",
       "      <td>63167.0</td>\n",
       "    </tr>\n",
       "    <tr>\n",
       "      <th>1</th>\n",
       "      <td>강동구</td>\n",
       "      <td>773</td>\n",
       "      <td>453233.0</td>\n",
       "      <td>449019.0</td>\n",
       "      <td>4214.0</td>\n",
       "      <td>54622.0</td>\n",
       "    </tr>\n",
       "    <tr>\n",
       "      <th>2</th>\n",
       "      <td>강북구</td>\n",
       "      <td>748</td>\n",
       "      <td>330192.0</td>\n",
       "      <td>326686.0</td>\n",
       "      <td>3506.0</td>\n",
       "      <td>54813.0</td>\n",
       "    </tr>\n",
       "    <tr>\n",
       "      <th>3</th>\n",
       "      <td>강서구</td>\n",
       "      <td>884</td>\n",
       "      <td>603772.0</td>\n",
       "      <td>597248.0</td>\n",
       "      <td>6524.0</td>\n",
       "      <td>72548.0</td>\n",
       "    </tr>\n",
       "    <tr>\n",
       "      <th>4</th>\n",
       "      <td>관악구</td>\n",
       "      <td>1496</td>\n",
       "      <td>525515.0</td>\n",
       "      <td>507203.0</td>\n",
       "      <td>18312.0</td>\n",
       "      <td>68082.0</td>\n",
       "    </tr>\n",
       "    <tr>\n",
       "      <th>5</th>\n",
       "      <td>광진구</td>\n",
       "      <td>707</td>\n",
       "      <td>372164.0</td>\n",
       "      <td>357211.0</td>\n",
       "      <td>14953.0</td>\n",
       "      <td>42214.0</td>\n",
       "    </tr>\n",
       "    <tr>\n",
       "      <th>6</th>\n",
       "      <td>구로구</td>\n",
       "      <td>1561</td>\n",
       "      <td>447874.0</td>\n",
       "      <td>416487.0</td>\n",
       "      <td>31387.0</td>\n",
       "      <td>56833.0</td>\n",
       "    </tr>\n",
       "    <tr>\n",
       "      <th>7</th>\n",
       "      <td>금천구</td>\n",
       "      <td>1015</td>\n",
       "      <td>255082.0</td>\n",
       "      <td>236353.0</td>\n",
       "      <td>18729.0</td>\n",
       "      <td>32970.0</td>\n",
       "    </tr>\n",
       "    <tr>\n",
       "      <th>8</th>\n",
       "      <td>노원구</td>\n",
       "      <td>1265</td>\n",
       "      <td>569384.0</td>\n",
       "      <td>565565.0</td>\n",
       "      <td>3819.0</td>\n",
       "      <td>71941.0</td>\n",
       "    </tr>\n",
       "    <tr>\n",
       "      <th>9</th>\n",
       "      <td>도봉구</td>\n",
       "      <td>485</td>\n",
       "      <td>348646.0</td>\n",
       "      <td>346629.0</td>\n",
       "      <td>2017.0</td>\n",
       "      <td>51312.0</td>\n",
       "    </tr>\n",
       "    <tr>\n",
       "      <th>10</th>\n",
       "      <td>동대문구</td>\n",
       "      <td>1294</td>\n",
       "      <td>369496.0</td>\n",
       "      <td>354079.0</td>\n",
       "      <td>15417.0</td>\n",
       "      <td>54173.0</td>\n",
       "    </tr>\n",
       "    <tr>\n",
       "      <th>11</th>\n",
       "      <td>동작구</td>\n",
       "      <td>1091</td>\n",
       "      <td>412520.0</td>\n",
       "      <td>400456.0</td>\n",
       "      <td>12064.0</td>\n",
       "      <td>56013.0</td>\n",
       "    </tr>\n",
       "    <tr>\n",
       "      <th>12</th>\n",
       "      <td>마포구</td>\n",
       "      <td>574</td>\n",
       "      <td>389649.0</td>\n",
       "      <td>378566.0</td>\n",
       "      <td>11083.0</td>\n",
       "      <td>48765.0</td>\n",
       "    </tr>\n",
       "    <tr>\n",
       "      <th>13</th>\n",
       "      <td>서대문구</td>\n",
       "      <td>962</td>\n",
       "      <td>327163.0</td>\n",
       "      <td>314982.0</td>\n",
       "      <td>12181.0</td>\n",
       "      <td>48161.0</td>\n",
       "    </tr>\n",
       "    <tr>\n",
       "      <th>14</th>\n",
       "      <td>서초구</td>\n",
       "      <td>1930</td>\n",
       "      <td>450310.0</td>\n",
       "      <td>445994.0</td>\n",
       "      <td>4316.0</td>\n",
       "      <td>51733.0</td>\n",
       "    </tr>\n",
       "    <tr>\n",
       "      <th>15</th>\n",
       "      <td>성동구</td>\n",
       "      <td>1062</td>\n",
       "      <td>311244.0</td>\n",
       "      <td>303380.0</td>\n",
       "      <td>7864.0</td>\n",
       "      <td>39997.0</td>\n",
       "    </tr>\n",
       "    <tr>\n",
       "      <th>16</th>\n",
       "      <td>성북구</td>\n",
       "      <td>1464</td>\n",
       "      <td>461260.0</td>\n",
       "      <td>449773.0</td>\n",
       "      <td>11487.0</td>\n",
       "      <td>64692.0</td>\n",
       "    </tr>\n",
       "    <tr>\n",
       "      <th>17</th>\n",
       "      <td>송파구</td>\n",
       "      <td>618</td>\n",
       "      <td>667483.0</td>\n",
       "      <td>660584.0</td>\n",
       "      <td>6899.0</td>\n",
       "      <td>72506.0</td>\n",
       "    </tr>\n",
       "    <tr>\n",
       "      <th>18</th>\n",
       "      <td>양천구</td>\n",
       "      <td>2034</td>\n",
       "      <td>479978.0</td>\n",
       "      <td>475949.0</td>\n",
       "      <td>4029.0</td>\n",
       "      <td>52975.0</td>\n",
       "    </tr>\n",
       "    <tr>\n",
       "      <th>19</th>\n",
       "      <td>영등포구</td>\n",
       "      <td>904</td>\n",
       "      <td>402985.0</td>\n",
       "      <td>368072.0</td>\n",
       "      <td>34913.0</td>\n",
       "      <td>52413.0</td>\n",
       "    </tr>\n",
       "    <tr>\n",
       "      <th>20</th>\n",
       "      <td>용산구</td>\n",
       "      <td>1624</td>\n",
       "      <td>244203.0</td>\n",
       "      <td>229456.0</td>\n",
       "      <td>14747.0</td>\n",
       "      <td>36231.0</td>\n",
       "    </tr>\n",
       "    <tr>\n",
       "      <th>21</th>\n",
       "      <td>은평구</td>\n",
       "      <td>1873</td>\n",
       "      <td>494388.0</td>\n",
       "      <td>489943.0</td>\n",
       "      <td>4445.0</td>\n",
       "      <td>72334.0</td>\n",
       "    </tr>\n",
       "    <tr>\n",
       "      <th>22</th>\n",
       "      <td>종로구</td>\n",
       "      <td>1002</td>\n",
       "      <td>162820.0</td>\n",
       "      <td>153589.0</td>\n",
       "      <td>9231.0</td>\n",
       "      <td>25425.0</td>\n",
       "    </tr>\n",
       "    <tr>\n",
       "      <th>23</th>\n",
       "      <td>중구</td>\n",
       "      <td>671</td>\n",
       "      <td>133240.0</td>\n",
       "      <td>124312.0</td>\n",
       "      <td>8928.0</td>\n",
       "      <td>20764.0</td>\n",
       "    </tr>\n",
       "    <tr>\n",
       "      <th>24</th>\n",
       "      <td>중랑구</td>\n",
       "      <td>660</td>\n",
       "      <td>414503.0</td>\n",
       "      <td>409882.0</td>\n",
       "      <td>4621.0</td>\n",
       "      <td>56774.0</td>\n",
       "    </tr>\n",
       "  </tbody>\n",
       "</table>\n",
       "</div>"
      ],
      "text/plain": [
       "      구별  CCTV수       인구수       한국인      외국인      고령자\n",
       "0    강남구   2780  570500.0  565550.0   4950.0  63167.0\n",
       "1    강동구    773  453233.0  449019.0   4214.0  54622.0\n",
       "2    강북구    748  330192.0  326686.0   3506.0  54813.0\n",
       "3    강서구    884  603772.0  597248.0   6524.0  72548.0\n",
       "4    관악구   1496  525515.0  507203.0  18312.0  68082.0\n",
       "5    광진구    707  372164.0  357211.0  14953.0  42214.0\n",
       "6    구로구   1561  447874.0  416487.0  31387.0  56833.0\n",
       "7    금천구   1015  255082.0  236353.0  18729.0  32970.0\n",
       "8    노원구   1265  569384.0  565565.0   3819.0  71941.0\n",
       "9    도봉구    485  348646.0  346629.0   2017.0  51312.0\n",
       "10  동대문구   1294  369496.0  354079.0  15417.0  54173.0\n",
       "11   동작구   1091  412520.0  400456.0  12064.0  56013.0\n",
       "12   마포구    574  389649.0  378566.0  11083.0  48765.0\n",
       "13  서대문구    962  327163.0  314982.0  12181.0  48161.0\n",
       "14   서초구   1930  450310.0  445994.0   4316.0  51733.0\n",
       "15   성동구   1062  311244.0  303380.0   7864.0  39997.0\n",
       "16   성북구   1464  461260.0  449773.0  11487.0  64692.0\n",
       "17   송파구    618  667483.0  660584.0   6899.0  72506.0\n",
       "18   양천구   2034  479978.0  475949.0   4029.0  52975.0\n",
       "19  영등포구    904  402985.0  368072.0  34913.0  52413.0\n",
       "20   용산구   1624  244203.0  229456.0  14747.0  36231.0\n",
       "21   은평구   1873  494388.0  489943.0   4445.0  72334.0\n",
       "22   종로구   1002  162820.0  153589.0   9231.0  25425.0\n",
       "23    중구    671  133240.0  124312.0   8928.0  20764.0\n",
       "24   중랑구    660  414503.0  409882.0   4621.0  56774.0"
      ]
     },
     "metadata": {},
     "output_type": "display_data"
    }
   ],
   "source": [
    "#1\n",
    "df = pd.read_csv(\"./data/cctv_seoul.csv\")\n",
    "display(df)"
   ]
  },
  {
   "cell_type": "code",
   "execution_count": 3,
   "id": "b6b3a205-b1f0-40c8-8134-1b6272a0bece",
   "metadata": {},
   "outputs": [
    {
     "data": {
      "text/html": [
       "<div>\n",
       "<style scoped>\n",
       "    .dataframe tbody tr th:only-of-type {\n",
       "        vertical-align: middle;\n",
       "    }\n",
       "\n",
       "    .dataframe tbody tr th {\n",
       "        vertical-align: top;\n",
       "    }\n",
       "\n",
       "    .dataframe thead th {\n",
       "        text-align: right;\n",
       "    }\n",
       "</style>\n",
       "<table border=\"1\" class=\"dataframe\">\n",
       "  <thead>\n",
       "    <tr style=\"text-align: right;\">\n",
       "      <th></th>\n",
       "      <th>CCTV수</th>\n",
       "      <th>인구수</th>\n",
       "      <th>한국인</th>\n",
       "      <th>외국인</th>\n",
       "      <th>고령자</th>\n",
       "    </tr>\n",
       "    <tr>\n",
       "      <th>구별</th>\n",
       "      <th></th>\n",
       "      <th></th>\n",
       "      <th></th>\n",
       "      <th></th>\n",
       "      <th></th>\n",
       "    </tr>\n",
       "  </thead>\n",
       "  <tbody>\n",
       "    <tr>\n",
       "      <th>강남구</th>\n",
       "      <td>2780</td>\n",
       "      <td>570500.0</td>\n",
       "      <td>565550.0</td>\n",
       "      <td>4950.0</td>\n",
       "      <td>63167.0</td>\n",
       "    </tr>\n",
       "    <tr>\n",
       "      <th>강동구</th>\n",
       "      <td>773</td>\n",
       "      <td>453233.0</td>\n",
       "      <td>449019.0</td>\n",
       "      <td>4214.0</td>\n",
       "      <td>54622.0</td>\n",
       "    </tr>\n",
       "    <tr>\n",
       "      <th>강북구</th>\n",
       "      <td>748</td>\n",
       "      <td>330192.0</td>\n",
       "      <td>326686.0</td>\n",
       "      <td>3506.0</td>\n",
       "      <td>54813.0</td>\n",
       "    </tr>\n",
       "    <tr>\n",
       "      <th>강서구</th>\n",
       "      <td>884</td>\n",
       "      <td>603772.0</td>\n",
       "      <td>597248.0</td>\n",
       "      <td>6524.0</td>\n",
       "      <td>72548.0</td>\n",
       "    </tr>\n",
       "    <tr>\n",
       "      <th>관악구</th>\n",
       "      <td>1496</td>\n",
       "      <td>525515.0</td>\n",
       "      <td>507203.0</td>\n",
       "      <td>18312.0</td>\n",
       "      <td>68082.0</td>\n",
       "    </tr>\n",
       "    <tr>\n",
       "      <th>광진구</th>\n",
       "      <td>707</td>\n",
       "      <td>372164.0</td>\n",
       "      <td>357211.0</td>\n",
       "      <td>14953.0</td>\n",
       "      <td>42214.0</td>\n",
       "    </tr>\n",
       "    <tr>\n",
       "      <th>구로구</th>\n",
       "      <td>1561</td>\n",
       "      <td>447874.0</td>\n",
       "      <td>416487.0</td>\n",
       "      <td>31387.0</td>\n",
       "      <td>56833.0</td>\n",
       "    </tr>\n",
       "    <tr>\n",
       "      <th>금천구</th>\n",
       "      <td>1015</td>\n",
       "      <td>255082.0</td>\n",
       "      <td>236353.0</td>\n",
       "      <td>18729.0</td>\n",
       "      <td>32970.0</td>\n",
       "    </tr>\n",
       "    <tr>\n",
       "      <th>노원구</th>\n",
       "      <td>1265</td>\n",
       "      <td>569384.0</td>\n",
       "      <td>565565.0</td>\n",
       "      <td>3819.0</td>\n",
       "      <td>71941.0</td>\n",
       "    </tr>\n",
       "    <tr>\n",
       "      <th>도봉구</th>\n",
       "      <td>485</td>\n",
       "      <td>348646.0</td>\n",
       "      <td>346629.0</td>\n",
       "      <td>2017.0</td>\n",
       "      <td>51312.0</td>\n",
       "    </tr>\n",
       "    <tr>\n",
       "      <th>동대문구</th>\n",
       "      <td>1294</td>\n",
       "      <td>369496.0</td>\n",
       "      <td>354079.0</td>\n",
       "      <td>15417.0</td>\n",
       "      <td>54173.0</td>\n",
       "    </tr>\n",
       "    <tr>\n",
       "      <th>동작구</th>\n",
       "      <td>1091</td>\n",
       "      <td>412520.0</td>\n",
       "      <td>400456.0</td>\n",
       "      <td>12064.0</td>\n",
       "      <td>56013.0</td>\n",
       "    </tr>\n",
       "    <tr>\n",
       "      <th>마포구</th>\n",
       "      <td>574</td>\n",
       "      <td>389649.0</td>\n",
       "      <td>378566.0</td>\n",
       "      <td>11083.0</td>\n",
       "      <td>48765.0</td>\n",
       "    </tr>\n",
       "    <tr>\n",
       "      <th>서대문구</th>\n",
       "      <td>962</td>\n",
       "      <td>327163.0</td>\n",
       "      <td>314982.0</td>\n",
       "      <td>12181.0</td>\n",
       "      <td>48161.0</td>\n",
       "    </tr>\n",
       "    <tr>\n",
       "      <th>서초구</th>\n",
       "      <td>1930</td>\n",
       "      <td>450310.0</td>\n",
       "      <td>445994.0</td>\n",
       "      <td>4316.0</td>\n",
       "      <td>51733.0</td>\n",
       "    </tr>\n",
       "    <tr>\n",
       "      <th>성동구</th>\n",
       "      <td>1062</td>\n",
       "      <td>311244.0</td>\n",
       "      <td>303380.0</td>\n",
       "      <td>7864.0</td>\n",
       "      <td>39997.0</td>\n",
       "    </tr>\n",
       "    <tr>\n",
       "      <th>성북구</th>\n",
       "      <td>1464</td>\n",
       "      <td>461260.0</td>\n",
       "      <td>449773.0</td>\n",
       "      <td>11487.0</td>\n",
       "      <td>64692.0</td>\n",
       "    </tr>\n",
       "    <tr>\n",
       "      <th>송파구</th>\n",
       "      <td>618</td>\n",
       "      <td>667483.0</td>\n",
       "      <td>660584.0</td>\n",
       "      <td>6899.0</td>\n",
       "      <td>72506.0</td>\n",
       "    </tr>\n",
       "    <tr>\n",
       "      <th>양천구</th>\n",
       "      <td>2034</td>\n",
       "      <td>479978.0</td>\n",
       "      <td>475949.0</td>\n",
       "      <td>4029.0</td>\n",
       "      <td>52975.0</td>\n",
       "    </tr>\n",
       "    <tr>\n",
       "      <th>영등포구</th>\n",
       "      <td>904</td>\n",
       "      <td>402985.0</td>\n",
       "      <td>368072.0</td>\n",
       "      <td>34913.0</td>\n",
       "      <td>52413.0</td>\n",
       "    </tr>\n",
       "    <tr>\n",
       "      <th>용산구</th>\n",
       "      <td>1624</td>\n",
       "      <td>244203.0</td>\n",
       "      <td>229456.0</td>\n",
       "      <td>14747.0</td>\n",
       "      <td>36231.0</td>\n",
       "    </tr>\n",
       "    <tr>\n",
       "      <th>은평구</th>\n",
       "      <td>1873</td>\n",
       "      <td>494388.0</td>\n",
       "      <td>489943.0</td>\n",
       "      <td>4445.0</td>\n",
       "      <td>72334.0</td>\n",
       "    </tr>\n",
       "    <tr>\n",
       "      <th>종로구</th>\n",
       "      <td>1002</td>\n",
       "      <td>162820.0</td>\n",
       "      <td>153589.0</td>\n",
       "      <td>9231.0</td>\n",
       "      <td>25425.0</td>\n",
       "    </tr>\n",
       "    <tr>\n",
       "      <th>중구</th>\n",
       "      <td>671</td>\n",
       "      <td>133240.0</td>\n",
       "      <td>124312.0</td>\n",
       "      <td>8928.0</td>\n",
       "      <td>20764.0</td>\n",
       "    </tr>\n",
       "    <tr>\n",
       "      <th>중랑구</th>\n",
       "      <td>660</td>\n",
       "      <td>414503.0</td>\n",
       "      <td>409882.0</td>\n",
       "      <td>4621.0</td>\n",
       "      <td>56774.0</td>\n",
       "    </tr>\n",
       "  </tbody>\n",
       "</table>\n",
       "</div>"
      ],
      "text/plain": [
       "      CCTV수       인구수       한국인      외국인      고령자\n",
       "구별                                               \n",
       "강남구    2780  570500.0  565550.0   4950.0  63167.0\n",
       "강동구     773  453233.0  449019.0   4214.0  54622.0\n",
       "강북구     748  330192.0  326686.0   3506.0  54813.0\n",
       "강서구     884  603772.0  597248.0   6524.0  72548.0\n",
       "관악구    1496  525515.0  507203.0  18312.0  68082.0\n",
       "광진구     707  372164.0  357211.0  14953.0  42214.0\n",
       "구로구    1561  447874.0  416487.0  31387.0  56833.0\n",
       "금천구    1015  255082.0  236353.0  18729.0  32970.0\n",
       "노원구    1265  569384.0  565565.0   3819.0  71941.0\n",
       "도봉구     485  348646.0  346629.0   2017.0  51312.0\n",
       "동대문구   1294  369496.0  354079.0  15417.0  54173.0\n",
       "동작구    1091  412520.0  400456.0  12064.0  56013.0\n",
       "마포구     574  389649.0  378566.0  11083.0  48765.0\n",
       "서대문구    962  327163.0  314982.0  12181.0  48161.0\n",
       "서초구    1930  450310.0  445994.0   4316.0  51733.0\n",
       "성동구    1062  311244.0  303380.0   7864.0  39997.0\n",
       "성북구    1464  461260.0  449773.0  11487.0  64692.0\n",
       "송파구     618  667483.0  660584.0   6899.0  72506.0\n",
       "양천구    2034  479978.0  475949.0   4029.0  52975.0\n",
       "영등포구    904  402985.0  368072.0  34913.0  52413.0\n",
       "용산구    1624  244203.0  229456.0  14747.0  36231.0\n",
       "은평구    1873  494388.0  489943.0   4445.0  72334.0\n",
       "종로구    1002  162820.0  153589.0   9231.0  25425.0\n",
       "중구      671  133240.0  124312.0   8928.0  20764.0\n",
       "중랑구     660  414503.0  409882.0   4621.0  56774.0"
      ]
     },
     "metadata": {},
     "output_type": "display_data"
    }
   ],
   "source": [
    "#2\n",
    "df.set_index('구별', inplace=True)\n",
    "display(df)"
   ]
  },
  {
   "cell_type": "code",
   "execution_count": 4,
   "id": "7cbdb428-2b73-4bb4-9cac-20828db07790",
   "metadata": {},
   "outputs": [
    {
     "data": {
      "text/html": [
       "<div>\n",
       "<style scoped>\n",
       "    .dataframe tbody tr th:only-of-type {\n",
       "        vertical-align: middle;\n",
       "    }\n",
       "\n",
       "    .dataframe tbody tr th {\n",
       "        vertical-align: top;\n",
       "    }\n",
       "\n",
       "    .dataframe thead th {\n",
       "        text-align: right;\n",
       "    }\n",
       "</style>\n",
       "<table border=\"1\" class=\"dataframe\">\n",
       "  <thead>\n",
       "    <tr style=\"text-align: right;\">\n",
       "      <th></th>\n",
       "      <th>CCTV수</th>\n",
       "      <th>인구수</th>\n",
       "      <th>한국인</th>\n",
       "      <th>외국인</th>\n",
       "      <th>고령자</th>\n",
       "    </tr>\n",
       "    <tr>\n",
       "      <th>구별</th>\n",
       "      <th></th>\n",
       "      <th></th>\n",
       "      <th></th>\n",
       "      <th></th>\n",
       "      <th></th>\n",
       "    </tr>\n",
       "  </thead>\n",
       "  <tbody>\n",
       "    <tr>\n",
       "      <th>강남구</th>\n",
       "      <td>2780</td>\n",
       "      <td>570500.0</td>\n",
       "      <td>565550.0</td>\n",
       "      <td>4950.0</td>\n",
       "      <td>63167.0</td>\n",
       "    </tr>\n",
       "    <tr>\n",
       "      <th>양천구</th>\n",
       "      <td>2034</td>\n",
       "      <td>479978.0</td>\n",
       "      <td>475949.0</td>\n",
       "      <td>4029.0</td>\n",
       "      <td>52975.0</td>\n",
       "    </tr>\n",
       "    <tr>\n",
       "      <th>서초구</th>\n",
       "      <td>1930</td>\n",
       "      <td>450310.0</td>\n",
       "      <td>445994.0</td>\n",
       "      <td>4316.0</td>\n",
       "      <td>51733.0</td>\n",
       "    </tr>\n",
       "    <tr>\n",
       "      <th>은평구</th>\n",
       "      <td>1873</td>\n",
       "      <td>494388.0</td>\n",
       "      <td>489943.0</td>\n",
       "      <td>4445.0</td>\n",
       "      <td>72334.0</td>\n",
       "    </tr>\n",
       "    <tr>\n",
       "      <th>용산구</th>\n",
       "      <td>1624</td>\n",
       "      <td>244203.0</td>\n",
       "      <td>229456.0</td>\n",
       "      <td>14747.0</td>\n",
       "      <td>36231.0</td>\n",
       "    </tr>\n",
       "    <tr>\n",
       "      <th>구로구</th>\n",
       "      <td>1561</td>\n",
       "      <td>447874.0</td>\n",
       "      <td>416487.0</td>\n",
       "      <td>31387.0</td>\n",
       "      <td>56833.0</td>\n",
       "    </tr>\n",
       "    <tr>\n",
       "      <th>관악구</th>\n",
       "      <td>1496</td>\n",
       "      <td>525515.0</td>\n",
       "      <td>507203.0</td>\n",
       "      <td>18312.0</td>\n",
       "      <td>68082.0</td>\n",
       "    </tr>\n",
       "    <tr>\n",
       "      <th>성북구</th>\n",
       "      <td>1464</td>\n",
       "      <td>461260.0</td>\n",
       "      <td>449773.0</td>\n",
       "      <td>11487.0</td>\n",
       "      <td>64692.0</td>\n",
       "    </tr>\n",
       "    <tr>\n",
       "      <th>동대문구</th>\n",
       "      <td>1294</td>\n",
       "      <td>369496.0</td>\n",
       "      <td>354079.0</td>\n",
       "      <td>15417.0</td>\n",
       "      <td>54173.0</td>\n",
       "    </tr>\n",
       "    <tr>\n",
       "      <th>노원구</th>\n",
       "      <td>1265</td>\n",
       "      <td>569384.0</td>\n",
       "      <td>565565.0</td>\n",
       "      <td>3819.0</td>\n",
       "      <td>71941.0</td>\n",
       "    </tr>\n",
       "    <tr>\n",
       "      <th>동작구</th>\n",
       "      <td>1091</td>\n",
       "      <td>412520.0</td>\n",
       "      <td>400456.0</td>\n",
       "      <td>12064.0</td>\n",
       "      <td>56013.0</td>\n",
       "    </tr>\n",
       "    <tr>\n",
       "      <th>성동구</th>\n",
       "      <td>1062</td>\n",
       "      <td>311244.0</td>\n",
       "      <td>303380.0</td>\n",
       "      <td>7864.0</td>\n",
       "      <td>39997.0</td>\n",
       "    </tr>\n",
       "    <tr>\n",
       "      <th>금천구</th>\n",
       "      <td>1015</td>\n",
       "      <td>255082.0</td>\n",
       "      <td>236353.0</td>\n",
       "      <td>18729.0</td>\n",
       "      <td>32970.0</td>\n",
       "    </tr>\n",
       "    <tr>\n",
       "      <th>종로구</th>\n",
       "      <td>1002</td>\n",
       "      <td>162820.0</td>\n",
       "      <td>153589.0</td>\n",
       "      <td>9231.0</td>\n",
       "      <td>25425.0</td>\n",
       "    </tr>\n",
       "    <tr>\n",
       "      <th>서대문구</th>\n",
       "      <td>962</td>\n",
       "      <td>327163.0</td>\n",
       "      <td>314982.0</td>\n",
       "      <td>12181.0</td>\n",
       "      <td>48161.0</td>\n",
       "    </tr>\n",
       "    <tr>\n",
       "      <th>영등포구</th>\n",
       "      <td>904</td>\n",
       "      <td>402985.0</td>\n",
       "      <td>368072.0</td>\n",
       "      <td>34913.0</td>\n",
       "      <td>52413.0</td>\n",
       "    </tr>\n",
       "    <tr>\n",
       "      <th>강서구</th>\n",
       "      <td>884</td>\n",
       "      <td>603772.0</td>\n",
       "      <td>597248.0</td>\n",
       "      <td>6524.0</td>\n",
       "      <td>72548.0</td>\n",
       "    </tr>\n",
       "    <tr>\n",
       "      <th>강동구</th>\n",
       "      <td>773</td>\n",
       "      <td>453233.0</td>\n",
       "      <td>449019.0</td>\n",
       "      <td>4214.0</td>\n",
       "      <td>54622.0</td>\n",
       "    </tr>\n",
       "    <tr>\n",
       "      <th>강북구</th>\n",
       "      <td>748</td>\n",
       "      <td>330192.0</td>\n",
       "      <td>326686.0</td>\n",
       "      <td>3506.0</td>\n",
       "      <td>54813.0</td>\n",
       "    </tr>\n",
       "    <tr>\n",
       "      <th>광진구</th>\n",
       "      <td>707</td>\n",
       "      <td>372164.0</td>\n",
       "      <td>357211.0</td>\n",
       "      <td>14953.0</td>\n",
       "      <td>42214.0</td>\n",
       "    </tr>\n",
       "    <tr>\n",
       "      <th>중구</th>\n",
       "      <td>671</td>\n",
       "      <td>133240.0</td>\n",
       "      <td>124312.0</td>\n",
       "      <td>8928.0</td>\n",
       "      <td>20764.0</td>\n",
       "    </tr>\n",
       "    <tr>\n",
       "      <th>중랑구</th>\n",
       "      <td>660</td>\n",
       "      <td>414503.0</td>\n",
       "      <td>409882.0</td>\n",
       "      <td>4621.0</td>\n",
       "      <td>56774.0</td>\n",
       "    </tr>\n",
       "    <tr>\n",
       "      <th>송파구</th>\n",
       "      <td>618</td>\n",
       "      <td>667483.0</td>\n",
       "      <td>660584.0</td>\n",
       "      <td>6899.0</td>\n",
       "      <td>72506.0</td>\n",
       "    </tr>\n",
       "    <tr>\n",
       "      <th>마포구</th>\n",
       "      <td>574</td>\n",
       "      <td>389649.0</td>\n",
       "      <td>378566.0</td>\n",
       "      <td>11083.0</td>\n",
       "      <td>48765.0</td>\n",
       "    </tr>\n",
       "    <tr>\n",
       "      <th>도봉구</th>\n",
       "      <td>485</td>\n",
       "      <td>348646.0</td>\n",
       "      <td>346629.0</td>\n",
       "      <td>2017.0</td>\n",
       "      <td>51312.0</td>\n",
       "    </tr>\n",
       "  </tbody>\n",
       "</table>\n",
       "</div>"
      ],
      "text/plain": [
       "      CCTV수       인구수       한국인      외국인      고령자\n",
       "구별                                               \n",
       "강남구    2780  570500.0  565550.0   4950.0  63167.0\n",
       "양천구    2034  479978.0  475949.0   4029.0  52975.0\n",
       "서초구    1930  450310.0  445994.0   4316.0  51733.0\n",
       "은평구    1873  494388.0  489943.0   4445.0  72334.0\n",
       "용산구    1624  244203.0  229456.0  14747.0  36231.0\n",
       "구로구    1561  447874.0  416487.0  31387.0  56833.0\n",
       "관악구    1496  525515.0  507203.0  18312.0  68082.0\n",
       "성북구    1464  461260.0  449773.0  11487.0  64692.0\n",
       "동대문구   1294  369496.0  354079.0  15417.0  54173.0\n",
       "노원구    1265  569384.0  565565.0   3819.0  71941.0\n",
       "동작구    1091  412520.0  400456.0  12064.0  56013.0\n",
       "성동구    1062  311244.0  303380.0   7864.0  39997.0\n",
       "금천구    1015  255082.0  236353.0  18729.0  32970.0\n",
       "종로구    1002  162820.0  153589.0   9231.0  25425.0\n",
       "서대문구    962  327163.0  314982.0  12181.0  48161.0\n",
       "영등포구    904  402985.0  368072.0  34913.0  52413.0\n",
       "강서구     884  603772.0  597248.0   6524.0  72548.0\n",
       "강동구     773  453233.0  449019.0   4214.0  54622.0\n",
       "강북구     748  330192.0  326686.0   3506.0  54813.0\n",
       "광진구     707  372164.0  357211.0  14953.0  42214.0\n",
       "중구      671  133240.0  124312.0   8928.0  20764.0\n",
       "중랑구     660  414503.0  409882.0   4621.0  56774.0\n",
       "송파구     618  667483.0  660584.0   6899.0  72506.0\n",
       "마포구     574  389649.0  378566.0  11083.0  48765.0\n",
       "도봉구     485  348646.0  346629.0   2017.0  51312.0"
      ]
     },
     "execution_count": 4,
     "metadata": {},
     "output_type": "execute_result"
    }
   ],
   "source": [
    "#3\n",
    "df.sort_values(by='CCTV수',ascending=False)"
   ]
  },
  {
   "cell_type": "code",
   "execution_count": 5,
   "id": "bb10471c-c048-441f-8048-c7fd6c61bcf2",
   "metadata": {},
   "outputs": [
    {
     "data": {
      "text/plain": [
       "구별\n",
       "도봉구      485\n",
       "마포구      574\n",
       "송파구      618\n",
       "중랑구      660\n",
       "중구       671\n",
       "광진구      707\n",
       "강북구      748\n",
       "강동구      773\n",
       "강서구      884\n",
       "영등포구     904\n",
       "서대문구     962\n",
       "종로구     1002\n",
       "금천구     1015\n",
       "성동구     1062\n",
       "동작구     1091\n",
       "노원구     1265\n",
       "동대문구    1294\n",
       "성북구     1464\n",
       "관악구     1496\n",
       "구로구     1561\n",
       "용산구     1624\n",
       "은평구     1873\n",
       "서초구     1930\n",
       "양천구     2034\n",
       "강남구     2780\n",
       "Name: CCTV수, dtype: int64"
      ]
     },
     "metadata": {},
     "output_type": "display_data"
    }
   ],
   "source": [
    "#4 ['CCTV수'] 출력하고 싶은 것만\n",
    "ndf = df.sort_values(by='CCTV수')['CCTV수']\n",
    "display(ndf)"
   ]
  },
  {
   "cell_type": "code",
   "execution_count": 6,
   "id": "714f77cd-a332-4e84-b9c2-b9fe5fbbd651",
   "metadata": {},
   "outputs": [
    {
     "data": {
      "text/plain": [
       "25"
      ]
     },
     "execution_count": 6,
     "metadata": {},
     "output_type": "execute_result"
    }
   ],
   "source": [
    "length = len(ndf); length"
   ]
  },
  {
   "cell_type": "code",
   "execution_count": 9,
   "id": "2bd216db-dddd-41c9-96ab-8896918e0108",
   "metadata": {},
   "outputs": [
    {
     "data": {
      "text/plain": [
       "Text(0.5, 1.0, '구별 CCTV 현황')"
      ]
     },
     "execution_count": 9,
     "metadata": {},
     "output_type": "execute_result"
    },
    {
     "data": {
